(kicad_pcb (version 20171130) (host pcbnew "(5.1.0-0)")

  (general
    (thickness 1.6)
    (drawings 13)
    (tracks 1573)
    (zones 0)
    (modules 76)
    (nets 127)
  )

  (page USLetter)
  (layers
    (0 F.Cu signal)
    (31 B.Cu signal)
    (32 B.Adhes user)
    (33 F.Adhes user)
    (34 B.Paste user)
    (35 F.Paste user)
    (36 B.SilkS user)
    (37 F.SilkS user)
    (38 B.Mask user)
    (39 F.Mask user)
    (40 Dwgs.User user)
    (41 Cmts.User user)
    (42 Eco1.User user)
    (43 Eco2.User user)
    (44 Edge.Cuts user)
    (45 Margin user)
    (46 B.CrtYd user)
    (47 F.CrtYd user)
    (48 B.Fab user)
    (49 F.Fab user hide)
  )

  (setup
    (last_trace_width 0.25)
    (user_trace_width 0.5)
    (user_trace_width 2.915)
    (trace_clearance 0.2)
    (zone_clearance 0.508)
    (zone_45_only no)
    (trace_min 0.2)
    (via_size 0.8)
    (via_drill 0.4)
    (via_min_size 0.4)
    (via_min_drill 0.3)
    (uvia_size 0.3)
    (uvia_drill 0.1)
    (uvias_allowed no)
    (uvia_min_size 0.2)
    (uvia_min_drill 0.1)
    (edge_width 0.05)
    (segment_width 0.2)
    (pcb_text_width 0.3)
    (pcb_text_size 1.5 1.5)
    (mod_edge_width 0.12)
    (mod_text_size 1 1)
    (mod_text_width 0.15)
    (pad_size 1.524 1.524)
    (pad_drill 0.762)
    (pad_to_mask_clearance 0.051)
    (solder_mask_min_width 0.25)
    (aux_axis_origin 0 0)
    (visible_elements FFFFFF7F)
    (pcbplotparams
      (layerselection 0x010fc_ffffffff)
      (usegerberextensions false)
      (usegerberattributes false)
      (usegerberadvancedattributes false)
      (creategerberjobfile false)
      (excludeedgelayer true)
      (linewidth 0.100000)
      (plotframeref false)
      (viasonmask false)
      (mode 1)
      (useauxorigin false)
      (hpglpennumber 1)
      (hpglpenspeed 20)
      (hpglpendiameter 15.000000)
      (psnegative false)
      (psa4output false)
      (plotreference true)
      (plotvalue true)
      (plotinvisibletext false)
      (padsonsilk false)
      (subtractmaskfromsilk false)
      (outputformat 1)
      (mirror false)
      (drillshape 1)
      (scaleselection 1)
      (outputdirectory ""))
  )

  (net 0 "")
  (net 1 GND_OUT)
  (net 2 "Net-(AE1-Pad1)")
  (net 3 +BATT)
  (net 4 "/Battery protection/GND_IN")
  (net 5 VDD)
  (net 6 "Net-(C13-Pad2)")
  (net 7 "Net-(C14-Pad1)")
  (net 8 "Net-(C15-Pad2)")
  (net 9 "Net-(C16-Pad1)")
  (net 10 "Net-(C21-Pad1)")
  (net 11 "Net-(C21-Pad2)")
  (net 12 "Net-(C22-Pad2)")
  (net 13 "Net-(C23-Pad2)")
  (net 14 "Net-(C24-Pad2)")
  (net 15 "Net-(J1-PadA5)")
  (net 16 USB_D-)
  (net 17 USB_D+)
  (net 18 "Net-(J1-PadA8)")
  (net 19 "Net-(J1-PadB5)")
  (net 20 "Net-(J1-PadB8)")
  (net 21 VBUS)
  (net 22 /Cellular/RXD_AUX)
  (net 23 /Cellular/TXD_AUX)
  (net 24 /Cellular/DBG_RXD)
  (net 25 /Cellular/DBG_TXD)
  (net 26 "Net-(J4-Pad6)")
  (net 27 "Net-(Q1-Pad3)")
  (net 28 "Net-(Q1-Pad1)")
  (net 29 "Net-(Q2-Pad1)")
  (net 30 "Net-(Q2-Pad3)")
  (net 31 "Net-(Q3-Pad1)")
  (net 32 "Net-(Q3-Pad4)")
  (net 33 "Net-(Q3-Pad5)")
  (net 34 "Net-(R1-Pad2)")
  (net 35 I2C_SCL)
  (net 36 I2C_SDA)
  (net 37 GSM_RI_2.8)
  (net 38 UART2_RX)
  (net 39 UART1_RX)
  (net 40 GPS_RXD)
  (net 41 GSM_PWRKEY)
  (net 42 LCD_RESET)
  (net 43 GSM_RXD)
  (net 44 GPS_RESET)
  (net 45 LCD_BL)
  (net 46 "Net-(R16-Pad2)")
  (net 47 "Net-(R19-Pad1)")
  (net 48 BATT_~STDBY)
  (net 49 BATT_~CHRG)
  (net 50 "Net-(R22-Pad2)")
  (net 51 "Net-(R23-Pad2)")
  (net 52 "Net-(R24-Pad2)")
  (net 53 "Net-(SW2-Pad1)")
  (net 54 INPUT_A)
  (net 55 INPUT_S1)
  (net 56 INPUT_B)
  (net 57 INPUT_S5)
  (net 58 INPUT_S3)
  (net 59 INPUT_S2)
  (net 60 INPUT_S4)
  (net 61 "Net-(SW4-Pad1)")
  (net 62 "Net-(SW5-Pad1)")
  (net 63 "Net-(SW6-Pad1)")
  (net 64 LCD_TE)
  (net 65 INPUT_INT)
  (net 66 PCM_IN)
  (net 67 PCM_OUT)
  (net 68 PCM_CLK)
  (net 69 "Net-(U1-Pad17)")
  (net 70 "Net-(U1-Pad18)")
  (net 71 "Net-(U1-Pad19)")
  (net 72 "Net-(U1-Pad20)")
  (net 73 "Net-(U1-Pad21)")
  (net 74 "Net-(U1-Pad22)")
  (net 75 PCM_SYNC)
  (net 76 "Net-(U1-Pad27)")
  (net 77 "Net-(U1-Pad28)")
  (net 78 UART1_TX)
  (net 79 UART2_TX)
  (net 80 LCD_~CS)
  (net 81 "Net-(U1-Pad32)")
  (net 82 LCD_SCL)
  (net 83 UART0_RX)
  (net 84 UART0_TX)
  (net 85 LCD_SDA)
  (net 86 LCD_DC)
  (net 87 GPS_RESET_2.8)
  (net 88 GSM_PWRKEY_2.8)
  (net 89 "Net-(U3-Pad4)")
  (net 90 "Net-(U4-Pad10)")
  (net 91 "Net-(U4-Pad11)")
  (net 92 GSM_RI)
  (net 93 GSM_TXD)
  (net 94 GPS_TXD)
  (net 95 "Net-(U5-Pad2)")
  (net 96 "Net-(U6-Pad6)")
  (net 97 "Net-(U8-Pad4)")
  (net 98 "Net-(U10-Pad5)")
  (net 99 "Net-(U10-Pad8)")
  (net 100 "Net-(U10-Pad9)")
  (net 101 "Net-(U10-Pad12)")
  (net 102 "Net-(U10-Pad13)")
  (net 103 "Net-(U10-Pad14)")
  (net 104 "Net-(U10-Pad15)")
  (net 105 "Net-(U11-Pad6)")
  (net 106 "Net-(U11-Pad5)")
  (net 107 "Net-(U11-Pad4)")
  (net 108 "Net-(U11-Pad3)")
  (net 109 "Net-(U11-Pad2)")
  (net 110 "Net-(U11-Pad8)")
  (net 111 "Net-(U11-Pad9)")
  (net 112 "Net-(U11-Pad15)")
  (net 113 "Net-(U11-Pad16)")
  (net 114 "Net-(U11-Pad19)")
  (net 115 "Net-(U11-Pad21)")
  (net 116 "Net-(U11-Pad22)")
  (net 117 "Net-(U11-Pad23)")
  (net 118 "Net-(U11-Pad25)")
  (net 119 "Net-(U11-Pad26)")
  (net 120 "Net-(U11-Pad44)")
  (net 121 "Net-(J2-Pad8)")
  (net 122 SD_MISO)
  (net 123 SD_CLK)
  (net 124 SD_MOSI)
  (net 125 SD_~CS)
  (net 126 "Net-(J2-Pad1)")

  (net_class Default "This is the default net class."
    (clearance 0.2)
    (trace_width 0.25)
    (via_dia 0.8)
    (via_drill 0.4)
    (uvia_dia 0.3)
    (uvia_drill 0.1)
    (add_net +BATT)
    (add_net "/Battery protection/GND_IN")
    (add_net /Cellular/DBG_RXD)
    (add_net /Cellular/DBG_TXD)
    (add_net /Cellular/RXD_AUX)
    (add_net /Cellular/TXD_AUX)
    (add_net BATT_~CHRG)
    (add_net BATT_~STDBY)
    (add_net GND_OUT)
    (add_net GPS_RESET)
    (add_net GPS_RESET_2.8)
    (add_net GPS_RXD)
    (add_net GPS_TXD)
    (add_net GSM_PWRKEY)
    (add_net GSM_PWRKEY_2.8)
    (add_net GSM_RI)
    (add_net GSM_RI_2.8)
    (add_net GSM_RXD)
    (add_net GSM_TXD)
    (add_net I2C_SCL)
    (add_net I2C_SDA)
    (add_net INPUT_A)
    (add_net INPUT_B)
    (add_net INPUT_INT)
    (add_net INPUT_S1)
    (add_net INPUT_S2)
    (add_net INPUT_S3)
    (add_net INPUT_S4)
    (add_net INPUT_S5)
    (add_net LCD_BL)
    (add_net LCD_DC)
    (add_net LCD_RESET)
    (add_net LCD_SCL)
    (add_net LCD_SDA)
    (add_net LCD_TE)
    (add_net LCD_~CS)
    (add_net "Net-(AE1-Pad1)")
    (add_net "Net-(C13-Pad2)")
    (add_net "Net-(C14-Pad1)")
    (add_net "Net-(C15-Pad2)")
    (add_net "Net-(C16-Pad1)")
    (add_net "Net-(C21-Pad1)")
    (add_net "Net-(C21-Pad2)")
    (add_net "Net-(C22-Pad2)")
    (add_net "Net-(C23-Pad2)")
    (add_net "Net-(C24-Pad2)")
    (add_net "Net-(J1-PadA5)")
    (add_net "Net-(J1-PadA8)")
    (add_net "Net-(J1-PadB5)")
    (add_net "Net-(J1-PadB8)")
    (add_net "Net-(J2-Pad1)")
    (add_net "Net-(J2-Pad8)")
    (add_net "Net-(J4-Pad6)")
    (add_net "Net-(Q1-Pad1)")
    (add_net "Net-(Q1-Pad3)")
    (add_net "Net-(Q2-Pad1)")
    (add_net "Net-(Q2-Pad3)")
    (add_net "Net-(Q3-Pad1)")
    (add_net "Net-(Q3-Pad4)")
    (add_net "Net-(Q3-Pad5)")
    (add_net "Net-(R1-Pad2)")
    (add_net "Net-(R16-Pad2)")
    (add_net "Net-(R19-Pad1)")
    (add_net "Net-(R22-Pad2)")
    (add_net "Net-(R23-Pad2)")
    (add_net "Net-(R24-Pad2)")
    (add_net "Net-(SW2-Pad1)")
    (add_net "Net-(SW4-Pad1)")
    (add_net "Net-(SW5-Pad1)")
    (add_net "Net-(SW6-Pad1)")
    (add_net "Net-(U1-Pad17)")
    (add_net "Net-(U1-Pad18)")
    (add_net "Net-(U1-Pad19)")
    (add_net "Net-(U1-Pad20)")
    (add_net "Net-(U1-Pad21)")
    (add_net "Net-(U1-Pad22)")
    (add_net "Net-(U1-Pad27)")
    (add_net "Net-(U1-Pad28)")
    (add_net "Net-(U1-Pad32)")
    (add_net "Net-(U10-Pad12)")
    (add_net "Net-(U10-Pad13)")
    (add_net "Net-(U10-Pad14)")
    (add_net "Net-(U10-Pad15)")
    (add_net "Net-(U10-Pad5)")
    (add_net "Net-(U10-Pad8)")
    (add_net "Net-(U10-Pad9)")
    (add_net "Net-(U11-Pad15)")
    (add_net "Net-(U11-Pad16)")
    (add_net "Net-(U11-Pad19)")
    (add_net "Net-(U11-Pad2)")
    (add_net "Net-(U11-Pad21)")
    (add_net "Net-(U11-Pad22)")
    (add_net "Net-(U11-Pad23)")
    (add_net "Net-(U11-Pad25)")
    (add_net "Net-(U11-Pad26)")
    (add_net "Net-(U11-Pad3)")
    (add_net "Net-(U11-Pad4)")
    (add_net "Net-(U11-Pad44)")
    (add_net "Net-(U11-Pad5)")
    (add_net "Net-(U11-Pad6)")
    (add_net "Net-(U11-Pad8)")
    (add_net "Net-(U11-Pad9)")
    (add_net "Net-(U3-Pad4)")
    (add_net "Net-(U4-Pad10)")
    (add_net "Net-(U4-Pad11)")
    (add_net "Net-(U5-Pad2)")
    (add_net "Net-(U6-Pad6)")
    (add_net "Net-(U8-Pad4)")
    (add_net PCM_CLK)
    (add_net PCM_IN)
    (add_net PCM_OUT)
    (add_net PCM_SYNC)
    (add_net SD_CLK)
    (add_net SD_MISO)
    (add_net SD_MOSI)
    (add_net SD_~CS)
    (add_net UART0_RX)
    (add_net UART0_TX)
    (add_net UART1_RX)
    (add_net UART1_TX)
    (add_net UART2_RX)
    (add_net UART2_TX)
    (add_net USB_D+)
    (add_net USB_D-)
    (add_net VBUS)
    (add_net VDD)
  )

  (module MountingHole:MountingHole_2.2mm_M2_Pad_Via (layer F.Cu) (tedit 56DDB9C7) (tstamp 5CDEBC97)
    (at 27 40)
    (descr "Mounting Hole 2.2mm, M2")
    (tags "mounting hole 2.2mm m2")
    (attr virtual)
    (fp_text reference REF** (at 0 -3.2) (layer F.SilkS)
      (effects (font (size 1 1) (thickness 0.15)))
    )
    (fp_text value MountingHole_2.2mm_M2_Pad_Via (at 0 3.2) (layer F.Fab)
      (effects (font (size 1 1) (thickness 0.15)))
    )
    (fp_circle (center 0 0) (end 2.45 0) (layer F.CrtYd) (width 0.05))
    (fp_circle (center 0 0) (end 2.2 0) (layer Cmts.User) (width 0.15))
    (fp_text user %R (at 0.3 0) (layer F.Fab)
      (effects (font (size 1 1) (thickness 0.15)))
    )
    (pad 1 thru_hole circle (at 1.166726 -1.166726) (size 0.7 0.7) (drill 0.4) (layers *.Cu *.Mask))
    (pad 1 thru_hole circle (at 0 -1.65) (size 0.7 0.7) (drill 0.4) (layers *.Cu *.Mask))
    (pad 1 thru_hole circle (at -1.166726 -1.166726) (size 0.7 0.7) (drill 0.4) (layers *.Cu *.Mask))
    (pad 1 thru_hole circle (at -1.65 0) (size 0.7 0.7) (drill 0.4) (layers *.Cu *.Mask))
    (pad 1 thru_hole circle (at -1.166726 1.166726) (size 0.7 0.7) (drill 0.4) (layers *.Cu *.Mask))
    (pad 1 thru_hole circle (at 0 1.65) (size 0.7 0.7) (drill 0.4) (layers *.Cu *.Mask))
    (pad 1 thru_hole circle (at 1.166726 1.166726) (size 0.7 0.7) (drill 0.4) (layers *.Cu *.Mask))
    (pad 1 thru_hole circle (at 1.65 0) (size 0.7 0.7) (drill 0.4) (layers *.Cu *.Mask))
    (pad 1 thru_hole circle (at 0 0) (size 4.4 4.4) (drill 2.2) (layers *.Cu *.Mask))
  )

  (module MountingHole:MountingHole_2.2mm_M2_Pad_Via (layer F.Cu) (tedit 56DDB9C7) (tstamp 5CDEA733)
    (at 76.833274 63.166726)
    (descr "Mounting Hole 2.2mm, M2")
    (tags "mounting hole 2.2mm m2")
    (attr virtual)
    (fp_text reference REF** (at 0 -3.2) (layer F.SilkS)
      (effects (font (size 1 1) (thickness 0.15)))
    )
    (fp_text value MountingHole_2.2mm_M2_Pad_Via (at 0 3.2) (layer F.Fab)
      (effects (font (size 1 1) (thickness 0.15)))
    )
    (fp_circle (center 0 0) (end 2.45 0) (layer F.CrtYd) (width 0.05))
    (fp_circle (center 0 0) (end 2.2 0) (layer Cmts.User) (width 0.15))
    (fp_text user %R (at 0.3 0) (layer F.Fab)
      (effects (font (size 1 1) (thickness 0.15)))
    )
    (pad 1 thru_hole circle (at 1.166726 -1.166726) (size 0.7 0.7) (drill 0.4) (layers *.Cu *.Mask))
    (pad 1 thru_hole circle (at 0 -1.65) (size 0.7 0.7) (drill 0.4) (layers *.Cu *.Mask))
    (pad 1 thru_hole circle (at -1.166726 -1.166726) (size 0.7 0.7) (drill 0.4) (layers *.Cu *.Mask))
    (pad 1 thru_hole circle (at -1.65 0) (size 0.7 0.7) (drill 0.4) (layers *.Cu *.Mask))
    (pad 1 thru_hole circle (at -1.166726 1.166726) (size 0.7 0.7) (drill 0.4) (layers *.Cu *.Mask))
    (pad 1 thru_hole circle (at 0 1.65) (size 0.7 0.7) (drill 0.4) (layers *.Cu *.Mask))
    (pad 1 thru_hole circle (at 1.166726 1.166726) (size 0.7 0.7) (drill 0.4) (layers *.Cu *.Mask))
    (pad 1 thru_hole circle (at 1.65 0) (size 0.7 0.7) (drill 0.4) (layers *.Cu *.Mask))
    (pad 1 thru_hole circle (at 0 0) (size 4.4 4.4) (drill 2.2) (layers *.Cu *.Mask))
  )

  (module Connector_Coaxial:U.FL_Molex_MCRF_73412-0110_Vertical (layer F.Cu) (tedit 5A1B5B59) (tstamp 5CDCA029)
    (at 68.6 65.12)
    (descr "Molex Microcoaxial RF Connectors (MCRF), mates Hirose U.FL, (http://www.molex.com/pdm_docs/sd/734120110_sd.pdf)")
    (tags "mcrf hirose ufl u.fl microcoaxial")
    (path /5C9AE52D/5C9AEE16)
    (attr smd)
    (fp_text reference AE1 (at 0 3.5) (layer F.SilkS)
      (effects (font (size 1 1) (thickness 0.15)))
    )
    (fp_text value Antenna_Shield (at 0 -3.302) (layer F.Fab)
      (effects (font (size 1 1) (thickness 0.15)))
    )
    (fp_line (start 0 1) (end 0.3 1.3) (layer F.Fab) (width 0.1))
    (fp_line (start -0.3 1.3) (end 0 1) (layer F.Fab) (width 0.1))
    (fp_line (start 0.7 1.5) (end 0.7 2) (layer F.SilkS) (width 0.12))
    (fp_line (start -0.7 1.5) (end -0.7 2) (layer F.SilkS) (width 0.12))
    (fp_text user %R (at 0 3.5) (layer F.Fab)
      (effects (font (size 1 1) (thickness 0.15)))
    )
    (fp_circle (center 0 0) (end 0 0.05) (layer F.Fab) (width 0.1))
    (fp_circle (center 0 0) (end 0 0.125) (layer F.Fab) (width 0.1))
    (fp_line (start -0.7 1.5) (end -1.3 1.5) (layer F.SilkS) (width 0.12))
    (fp_line (start -1.3 1.5) (end -1.5 1.3) (layer F.SilkS) (width 0.12))
    (fp_line (start 1.5 1.3) (end 1.5 1.5) (layer F.SilkS) (width 0.12))
    (fp_line (start 1.5 1.5) (end 0.7 1.5) (layer F.SilkS) (width 0.12))
    (fp_line (start 0.7 -1.5) (end 1.5 -1.5) (layer F.SilkS) (width 0.12))
    (fp_line (start 1.5 -1.5) (end 1.5 -1.3) (layer F.SilkS) (width 0.12))
    (fp_line (start -1.5 -1.3) (end -1.5 -1.5) (layer F.SilkS) (width 0.12))
    (fp_line (start -1.5 -1.5) (end -0.7 -1.5) (layer F.SilkS) (width 0.12))
    (fp_circle (center 0 0) (end 0.9 0) (layer F.Fab) (width 0.1))
    (fp_line (start -1.3 -1.3) (end 1.3 -1.3) (layer F.Fab) (width 0.1))
    (fp_line (start -1.3 -1.3) (end -1.3 1) (layer F.Fab) (width 0.1))
    (fp_line (start -1.3 1) (end -1 1.3) (layer F.Fab) (width 0.1))
    (fp_line (start 1.3 -1.3) (end 1.3 1.3) (layer F.Fab) (width 0.1))
    (fp_line (start -2.5 -2.5) (end -2.5 2.5) (layer F.CrtYd) (width 0.05))
    (fp_line (start -2.5 2.5) (end 2.5 2.5) (layer F.CrtYd) (width 0.05))
    (fp_line (start 2.5 2.5) (end 2.5 -2.5) (layer F.CrtYd) (width 0.05))
    (fp_line (start 2.5 -2.5) (end -2.5 -2.5) (layer F.CrtYd) (width 0.05))
    (fp_line (start -1 1.3) (end 1.3 1.3) (layer F.Fab) (width 0.1))
    (fp_circle (center 0 0) (end 0 0.2) (layer F.Fab) (width 0.1))
    (pad 2 smd rect (at -1.475 0) (size 1.05 2.2) (layers F.Cu F.Paste F.Mask)
      (net 1 GND_OUT))
    (pad 2 smd rect (at 1.475 0) (size 1.05 2.2) (layers F.Cu F.Paste F.Mask)
      (net 1 GND_OUT))
    (pad 2 smd rect (at 0 -1.5) (size 1 1) (layers F.Cu F.Paste F.Mask)
      (net 1 GND_OUT))
    (pad 1 smd rect (at 0 1.5) (size 1 1) (layers F.Cu F.Paste F.Mask)
      (net 2 "Net-(AE1-Pad1)"))
    (model ${KISYS3DMOD}/Connector_Coaxial.3dshapes/U.FL_Molex_MCRF_73412-0110_Vertical.wrl
      (at (xyz 0 0 0))
      (scale (xyz 1 1 1))
      (rotate (xyz 0 0 0))
    )
  )

  (module Capacitor_SMD:C_0603_1608Metric_Pad1.05x0.95mm_HandSolder (layer F.Cu) (tedit 5B301BBE) (tstamp 5CDCD5ED)
    (at 43 112)
    (descr "Capacitor SMD 0603 (1608 Metric), square (rectangular) end terminal, IPC_7351 nominal with elongated pad for handsoldering. (Body size source: http://www.tortai-tech.com/upload/download/2011102023233369053.pdf), generated with kicad-footprint-generator")
    (tags "capacitor handsolder")
    (path /5C9BB39E)
    (attr smd)
    (fp_text reference C1 (at -2.5 0 90) (layer F.SilkS)
      (effects (font (size 1 1) (thickness 0.15)))
    )
    (fp_text value 22uF (at 0 1.43) (layer F.Fab) hide
      (effects (font (size 1 1) (thickness 0.15)))
    )
    (fp_text user %R (at 0 0) (layer F.Fab)
      (effects (font (size 0.4 0.4) (thickness 0.06)))
    )
    (fp_line (start 1.65 0.73) (end -1.65 0.73) (layer F.CrtYd) (width 0.05))
    (fp_line (start 1.65 -0.73) (end 1.65 0.73) (layer F.CrtYd) (width 0.05))
    (fp_line (start -1.65 -0.73) (end 1.65 -0.73) (layer F.CrtYd) (width 0.05))
    (fp_line (start -1.65 0.73) (end -1.65 -0.73) (layer F.CrtYd) (width 0.05))
    (fp_line (start -0.171267 0.51) (end 0.171267 0.51) (layer F.SilkS) (width 0.12))
    (fp_line (start -0.171267 -0.51) (end 0.171267 -0.51) (layer F.SilkS) (width 0.12))
    (fp_line (start 0.8 0.4) (end -0.8 0.4) (layer F.Fab) (width 0.1))
    (fp_line (start 0.8 -0.4) (end 0.8 0.4) (layer F.Fab) (width 0.1))
    (fp_line (start -0.8 -0.4) (end 0.8 -0.4) (layer F.Fab) (width 0.1))
    (fp_line (start -0.8 0.4) (end -0.8 -0.4) (layer F.Fab) (width 0.1))
    (pad 2 smd roundrect (at 0.875 0) (size 1.05 0.95) (layers F.Cu F.Paste F.Mask) (roundrect_rratio 0.25)
      (net 1 GND_OUT))
    (pad 1 smd roundrect (at -0.875 0) (size 1.05 0.95) (layers F.Cu F.Paste F.Mask) (roundrect_rratio 0.25)
      (net 5 VDD))
    (model ${KISYS3DMOD}/Capacitor_SMD.3dshapes/C_0603_1608Metric.wrl
      (at (xyz 0 0 0))
      (scale (xyz 1 1 1))
      (rotate (xyz 0 0 0))
    )
  )

  (module Capacitor_SMD:C_0603_1608Metric_Pad1.05x0.95mm_HandSolder (layer F.Cu) (tedit 5B301BBE) (tstamp 5CDCDBA1)
    (at 43 110)
    (descr "Capacitor SMD 0603 (1608 Metric), square (rectangular) end terminal, IPC_7351 nominal with elongated pad for handsoldering. (Body size source: http://www.tortai-tech.com/upload/download/2011102023233369053.pdf), generated with kicad-footprint-generator")
    (tags "capacitor handsolder")
    (path /5C9BB63E)
    (attr smd)
    (fp_text reference C2 (at -2.5 0 90) (layer F.SilkS)
      (effects (font (size 1 1) (thickness 0.15)))
    )
    (fp_text value 0.1uF (at 0 1.43) (layer F.Fab) hide
      (effects (font (size 1 1) (thickness 0.15)))
    )
    (fp_text user %R (at 0 0) (layer F.Fab)
      (effects (font (size 0.4 0.4) (thickness 0.06)))
    )
    (fp_line (start 1.65 0.73) (end -1.65 0.73) (layer F.CrtYd) (width 0.05))
    (fp_line (start 1.65 -0.73) (end 1.65 0.73) (layer F.CrtYd) (width 0.05))
    (fp_line (start -1.65 -0.73) (end 1.65 -0.73) (layer F.CrtYd) (width 0.05))
    (fp_line (start -1.65 0.73) (end -1.65 -0.73) (layer F.CrtYd) (width 0.05))
    (fp_line (start -0.171267 0.51) (end 0.171267 0.51) (layer F.SilkS) (width 0.12))
    (fp_line (start -0.171267 -0.51) (end 0.171267 -0.51) (layer F.SilkS) (width 0.12))
    (fp_line (start 0.8 0.4) (end -0.8 0.4) (layer F.Fab) (width 0.1))
    (fp_line (start 0.8 -0.4) (end 0.8 0.4) (layer F.Fab) (width 0.1))
    (fp_line (start -0.8 -0.4) (end 0.8 -0.4) (layer F.Fab) (width 0.1))
    (fp_line (start -0.8 0.4) (end -0.8 -0.4) (layer F.Fab) (width 0.1))
    (pad 2 smd roundrect (at 0.875 0) (size 1.05 0.95) (layers F.Cu F.Paste F.Mask) (roundrect_rratio 0.25)
      (net 1 GND_OUT))
    (pad 1 smd roundrect (at -0.875 0) (size 1.05 0.95) (layers F.Cu F.Paste F.Mask) (roundrect_rratio 0.25)
      (net 5 VDD))
    (model ${KISYS3DMOD}/Capacitor_SMD.3dshapes/C_0603_1608Metric.wrl
      (at (xyz 0 0 0))
      (scale (xyz 1 1 1))
      (rotate (xyz 0 0 0))
    )
  )

  (module Capacitor_SMD:C_0603_1608Metric_Pad1.05x0.95mm_HandSolder (layer F.Cu) (tedit 5B301BBE) (tstamp 5CDCF767)
    (at 43 108 180)
    (descr "Capacitor SMD 0603 (1608 Metric), square (rectangular) end terminal, IPC_7351 nominal with elongated pad for handsoldering. (Body size source: http://www.tortai-tech.com/upload/download/2011102023233369053.pdf), generated with kicad-footprint-generator")
    (tags "capacitor handsolder")
    (path /5C9559D7)
    (attr smd)
    (fp_text reference C3 (at 2.5 0 270) (layer F.SilkS)
      (effects (font (size 1 1) (thickness 0.15)))
    )
    (fp_text value 1uF (at 0 1.43 180) (layer F.Fab)
      (effects (font (size 1 1) (thickness 0.15)))
    )
    (fp_line (start -0.8 0.4) (end -0.8 -0.4) (layer F.Fab) (width 0.1))
    (fp_line (start -0.8 -0.4) (end 0.8 -0.4) (layer F.Fab) (width 0.1))
    (fp_line (start 0.8 -0.4) (end 0.8 0.4) (layer F.Fab) (width 0.1))
    (fp_line (start 0.8 0.4) (end -0.8 0.4) (layer F.Fab) (width 0.1))
    (fp_line (start -0.171267 -0.51) (end 0.171267 -0.51) (layer F.SilkS) (width 0.12))
    (fp_line (start -0.171267 0.51) (end 0.171267 0.51) (layer F.SilkS) (width 0.12))
    (fp_line (start -1.65 0.73) (end -1.65 -0.73) (layer F.CrtYd) (width 0.05))
    (fp_line (start -1.65 -0.73) (end 1.65 -0.73) (layer F.CrtYd) (width 0.05))
    (fp_line (start 1.65 -0.73) (end 1.65 0.73) (layer F.CrtYd) (width 0.05))
    (fp_line (start 1.65 0.73) (end -1.65 0.73) (layer F.CrtYd) (width 0.05))
    (fp_text user %R (at 0 0 180) (layer F.Fab)
      (effects (font (size 0.4 0.4) (thickness 0.06)))
    )
    (pad 1 smd roundrect (at -0.875 0 180) (size 1.05 0.95) (layers F.Cu F.Paste F.Mask) (roundrect_rratio 0.25)
      (net 3 +BATT))
    (pad 2 smd roundrect (at 0.875 0 180) (size 1.05 0.95) (layers F.Cu F.Paste F.Mask) (roundrect_rratio 0.25)
      (net 1 GND_OUT))
    (model ${KISYS3DMOD}/Capacitor_SMD.3dshapes/C_0603_1608Metric.wrl
      (at (xyz 0 0 0))
      (scale (xyz 1 1 1))
      (rotate (xyz 0 0 0))
    )
  )

  (module Capacitor_SMD:C_0603_1608Metric_Pad1.05x0.95mm_HandSolder (layer F.Cu) (tedit 5B301BBE) (tstamp 5CDCF181)
    (at 29.75 56 180)
    (descr "Capacitor SMD 0603 (1608 Metric), square (rectangular) end terminal, IPC_7351 nominal with elongated pad for handsoldering. (Body size source: http://www.tortai-tech.com/upload/download/2011102023233369053.pdf), generated with kicad-footprint-generator")
    (tags "capacitor handsolder")
    (path /5CFB466A)
    (attr smd)
    (fp_text reference C4 (at 0 1.5 180) (layer F.SilkS)
      (effects (font (size 1 1) (thickness 0.15)))
    )
    (fp_text value 0.1uF (at 0 1.43 180) (layer F.Fab)
      (effects (font (size 1 1) (thickness 0.15)))
    )
    (fp_text user %R (at 0 0 180) (layer F.Fab)
      (effects (font (size 0.4 0.4) (thickness 0.06)))
    )
    (fp_line (start 1.65 0.73) (end -1.65 0.73) (layer F.CrtYd) (width 0.05))
    (fp_line (start 1.65 -0.73) (end 1.65 0.73) (layer F.CrtYd) (width 0.05))
    (fp_line (start -1.65 -0.73) (end 1.65 -0.73) (layer F.CrtYd) (width 0.05))
    (fp_line (start -1.65 0.73) (end -1.65 -0.73) (layer F.CrtYd) (width 0.05))
    (fp_line (start -0.171267 0.51) (end 0.171267 0.51) (layer F.SilkS) (width 0.12))
    (fp_line (start -0.171267 -0.51) (end 0.171267 -0.51) (layer F.SilkS) (width 0.12))
    (fp_line (start 0.8 0.4) (end -0.8 0.4) (layer F.Fab) (width 0.1))
    (fp_line (start 0.8 -0.4) (end 0.8 0.4) (layer F.Fab) (width 0.1))
    (fp_line (start -0.8 -0.4) (end 0.8 -0.4) (layer F.Fab) (width 0.1))
    (fp_line (start -0.8 0.4) (end -0.8 -0.4) (layer F.Fab) (width 0.1))
    (pad 2 smd roundrect (at 0.875 0 180) (size 1.05 0.95) (layers F.Cu F.Paste F.Mask) (roundrect_rratio 0.25)
      (net 1 GND_OUT))
    (pad 1 smd roundrect (at -0.875 0 180) (size 1.05 0.95) (layers F.Cu F.Paste F.Mask) (roundrect_rratio 0.25)
      (net 5 VDD))
    (model ${KISYS3DMOD}/Capacitor_SMD.3dshapes/C_0603_1608Metric.wrl
      (at (xyz 0 0 0))
      (scale (xyz 1 1 1))
      (rotate (xyz 0 0 0))
    )
  )

  (module Capacitor_SMD:C_0603_1608Metric_Pad1.05x0.95mm_HandSolder (layer F.Cu) (tedit 5B301BBE) (tstamp 5CDD1647)
    (at 24.75 84.75 180)
    (descr "Capacitor SMD 0603 (1608 Metric), square (rectangular) end terminal, IPC_7351 nominal with elongated pad for handsoldering. (Body size source: http://www.tortai-tech.com/upload/download/2011102023233369053.pdf), generated with kicad-footprint-generator")
    (tags "capacitor handsolder")
    (path /5D028A7A)
    (attr smd)
    (fp_text reference C5 (at 2.75 0 180) (layer F.SilkS)
      (effects (font (size 1 1) (thickness 0.15)))
    )
    (fp_text value 0.1uF (at 0 1.43 180) (layer F.Fab)
      (effects (font (size 1 1) (thickness 0.15)))
    )
    (fp_line (start -0.8 0.4) (end -0.8 -0.4) (layer F.Fab) (width 0.1))
    (fp_line (start -0.8 -0.4) (end 0.8 -0.4) (layer F.Fab) (width 0.1))
    (fp_line (start 0.8 -0.4) (end 0.8 0.4) (layer F.Fab) (width 0.1))
    (fp_line (start 0.8 0.4) (end -0.8 0.4) (layer F.Fab) (width 0.1))
    (fp_line (start -0.171267 -0.51) (end 0.171267 -0.51) (layer F.SilkS) (width 0.12))
    (fp_line (start -0.171267 0.51) (end 0.171267 0.51) (layer F.SilkS) (width 0.12))
    (fp_line (start -1.65 0.73) (end -1.65 -0.73) (layer F.CrtYd) (width 0.05))
    (fp_line (start -1.65 -0.73) (end 1.65 -0.73) (layer F.CrtYd) (width 0.05))
    (fp_line (start 1.65 -0.73) (end 1.65 0.73) (layer F.CrtYd) (width 0.05))
    (fp_line (start 1.65 0.73) (end -1.65 0.73) (layer F.CrtYd) (width 0.05))
    (fp_text user %R (at 0 0 180) (layer F.Fab)
      (effects (font (size 0.4 0.4) (thickness 0.06)))
    )
    (pad 1 smd roundrect (at -0.875 0 180) (size 1.05 0.95) (layers F.Cu F.Paste F.Mask) (roundrect_rratio 0.25)
      (net 5 VDD))
    (pad 2 smd roundrect (at 0.875 0 180) (size 1.05 0.95) (layers F.Cu F.Paste F.Mask) (roundrect_rratio 0.25)
      (net 1 GND_OUT))
    (model ${KISYS3DMOD}/Capacitor_SMD.3dshapes/C_0603_1608Metric.wrl
      (at (xyz 0 0 0))
      (scale (xyz 1 1 1))
      (rotate (xyz 0 0 0))
    )
  )

  (module Capacitor_SMD:C_0603_1608Metric_Pad1.05x0.95mm_HandSolder (layer F.Cu) (tedit 5B301BBE) (tstamp 5CDD048E)
    (at 43 101.5)
    (descr "Capacitor SMD 0603 (1608 Metric), square (rectangular) end terminal, IPC_7351 nominal with elongated pad for handsoldering. (Body size source: http://www.tortai-tech.com/upload/download/2011102023233369053.pdf), generated with kicad-footprint-generator")
    (tags "capacitor handsolder")
    (path /5C9598CE)
    (attr smd)
    (fp_text reference C6 (at -2.5 0 90) (layer F.SilkS)
      (effects (font (size 1 1) (thickness 0.15)))
    )
    (fp_text value 4.7uF (at 0 1.43) (layer F.Fab)
      (effects (font (size 1 1) (thickness 0.15)))
    )
    (fp_line (start -0.8 0.4) (end -0.8 -0.4) (layer F.Fab) (width 0.1))
    (fp_line (start -0.8 -0.4) (end 0.8 -0.4) (layer F.Fab) (width 0.1))
    (fp_line (start 0.8 -0.4) (end 0.8 0.4) (layer F.Fab) (width 0.1))
    (fp_line (start 0.8 0.4) (end -0.8 0.4) (layer F.Fab) (width 0.1))
    (fp_line (start -0.171267 -0.51) (end 0.171267 -0.51) (layer F.SilkS) (width 0.12))
    (fp_line (start -0.171267 0.51) (end 0.171267 0.51) (layer F.SilkS) (width 0.12))
    (fp_line (start -1.65 0.73) (end -1.65 -0.73) (layer F.CrtYd) (width 0.05))
    (fp_line (start -1.65 -0.73) (end 1.65 -0.73) (layer F.CrtYd) (width 0.05))
    (fp_line (start 1.65 -0.73) (end 1.65 0.73) (layer F.CrtYd) (width 0.05))
    (fp_line (start 1.65 0.73) (end -1.65 0.73) (layer F.CrtYd) (width 0.05))
    (fp_text user %R (at 0 0) (layer F.Fab)
      (effects (font (size 0.4 0.4) (thickness 0.06)))
    )
    (pad 1 smd roundrect (at -0.875 0) (size 1.05 0.95) (layers F.Cu F.Paste F.Mask) (roundrect_rratio 0.25)
      (net 5 VDD))
    (pad 2 smd roundrect (at 0.875 0) (size 1.05 0.95) (layers F.Cu F.Paste F.Mask) (roundrect_rratio 0.25)
      (net 1 GND_OUT))
    (model ${KISYS3DMOD}/Capacitor_SMD.3dshapes/C_0603_1608Metric.wrl
      (at (xyz 0 0 0))
      (scale (xyz 1 1 1))
      (rotate (xyz 0 0 0))
    )
  )

  (module Capacitor_Tantalum_SMD:CP_EIA-3528-15_AVX-H_Pad1.50x2.35mm_HandSolder (layer F.Cu) (tedit 5B342532) (tstamp 5CDD0850)
    (at 43 98.5)
    (descr "Tantalum Capacitor SMD AVX-H (3528-15 Metric), IPC_7351 nominal, (Body size from: http://www.kemet.com/Lists/ProductCatalog/Attachments/253/KEM_TC101_STD.pdf), generated with kicad-footprint-generator")
    (tags "capacitor tantalum")
    (path /5CE0C170)
    (attr smd)
    (fp_text reference C7 (at 0 -2.35) (layer F.SilkS)
      (effects (font (size 1 1) (thickness 0.15)))
    )
    (fp_text value 100uF (at 0 2.35) (layer F.Fab)
      (effects (font (size 1 1) (thickness 0.15)))
    )
    (fp_line (start 1.75 -1.4) (end -1.05 -1.4) (layer F.Fab) (width 0.1))
    (fp_line (start -1.05 -1.4) (end -1.75 -0.7) (layer F.Fab) (width 0.1))
    (fp_line (start -1.75 -0.7) (end -1.75 1.4) (layer F.Fab) (width 0.1))
    (fp_line (start -1.75 1.4) (end 1.75 1.4) (layer F.Fab) (width 0.1))
    (fp_line (start 1.75 1.4) (end 1.75 -1.4) (layer F.Fab) (width 0.1))
    (fp_line (start 1.75 -1.51) (end -2.635 -1.51) (layer F.SilkS) (width 0.12))
    (fp_line (start -2.635 -1.51) (end -2.635 1.51) (layer F.SilkS) (width 0.12))
    (fp_line (start -2.635 1.51) (end 1.75 1.51) (layer F.SilkS) (width 0.12))
    (fp_line (start -2.62 1.65) (end -2.62 -1.65) (layer F.CrtYd) (width 0.05))
    (fp_line (start -2.62 -1.65) (end 2.62 -1.65) (layer F.CrtYd) (width 0.05))
    (fp_line (start 2.62 -1.65) (end 2.62 1.65) (layer F.CrtYd) (width 0.05))
    (fp_line (start 2.62 1.65) (end -2.62 1.65) (layer F.CrtYd) (width 0.05))
    (fp_text user %R (at 0 0) (layer F.Fab)
      (effects (font (size 0.88 0.88) (thickness 0.13)))
    )
    (pad 1 smd roundrect (at -1.625 0) (size 1.5 2.35) (layers F.Cu F.Paste F.Mask) (roundrect_rratio 0.166667)
      (net 5 VDD))
    (pad 2 smd roundrect (at 1.625 0) (size 1.5 2.35) (layers F.Cu F.Paste F.Mask) (roundrect_rratio 0.166667)
      (net 1 GND_OUT))
    (model ${KISYS3DMOD}/Capacitor_Tantalum_SMD.3dshapes/CP_EIA-3528-15_AVX-H.wrl
      (at (xyz 0 0 0))
      (scale (xyz 1 1 1))
      (rotate (xyz 0 0 0))
    )
  )

  (module Capacitor_SMD:C_0603_1608Metric_Pad1.05x0.95mm_HandSolder (layer F.Cu) (tedit 5B301BBE) (tstamp 5CDBBED5)
    (at 24.5 74.25 180)
    (descr "Capacitor SMD 0603 (1608 Metric), square (rectangular) end terminal, IPC_7351 nominal with elongated pad for handsoldering. (Body size source: http://www.tortai-tech.com/upload/download/2011102023233369053.pdf), generated with kicad-footprint-generator")
    (tags "capacitor handsolder")
    (path /5D11AD0A)
    (attr smd)
    (fp_text reference C8 (at 2.75 0 180) (layer F.SilkS)
      (effects (font (size 1 1) (thickness 0.15)))
    )
    (fp_text value 0.1uF (at 0 1.43 180) (layer F.Fab)
      (effects (font (size 1 1) (thickness 0.15)))
    )
    (fp_text user %R (at 0 0 180) (layer F.Fab)
      (effects (font (size 0.4 0.4) (thickness 0.06)))
    )
    (fp_line (start 1.65 0.73) (end -1.65 0.73) (layer F.CrtYd) (width 0.05))
    (fp_line (start 1.65 -0.73) (end 1.65 0.73) (layer F.CrtYd) (width 0.05))
    (fp_line (start -1.65 -0.73) (end 1.65 -0.73) (layer F.CrtYd) (width 0.05))
    (fp_line (start -1.65 0.73) (end -1.65 -0.73) (layer F.CrtYd) (width 0.05))
    (fp_line (start -0.171267 0.51) (end 0.171267 0.51) (layer F.SilkS) (width 0.12))
    (fp_line (start -0.171267 -0.51) (end 0.171267 -0.51) (layer F.SilkS) (width 0.12))
    (fp_line (start 0.8 0.4) (end -0.8 0.4) (layer F.Fab) (width 0.1))
    (fp_line (start 0.8 -0.4) (end 0.8 0.4) (layer F.Fab) (width 0.1))
    (fp_line (start -0.8 -0.4) (end 0.8 -0.4) (layer F.Fab) (width 0.1))
    (fp_line (start -0.8 0.4) (end -0.8 -0.4) (layer F.Fab) (width 0.1))
    (pad 2 smd roundrect (at 0.875 0 180) (size 1.05 0.95) (layers F.Cu F.Paste F.Mask) (roundrect_rratio 0.25)
      (net 1 GND_OUT))
    (pad 1 smd roundrect (at -0.875 0 180) (size 1.05 0.95) (layers F.Cu F.Paste F.Mask) (roundrect_rratio 0.25)
      (net 3 +BATT))
    (model ${KISYS3DMOD}/Capacitor_SMD.3dshapes/C_0603_1608Metric.wrl
      (at (xyz 0 0 0))
      (scale (xyz 1 1 1))
      (rotate (xyz 0 0 0))
    )
  )

  (module Capacitor_SMD:C_0603_1608Metric_Pad1.05x0.95mm_HandSolder (layer F.Cu) (tedit 5B301BBE) (tstamp 5CDBBEE6)
    (at 49 31 180)
    (descr "Capacitor SMD 0603 (1608 Metric), square (rectangular) end terminal, IPC_7351 nominal with elongated pad for handsoldering. (Body size source: http://www.tortai-tech.com/upload/download/2011102023233369053.pdf), generated with kicad-footprint-generator")
    (tags "capacitor handsolder")
    (path /5CA51B79)
    (attr smd)
    (fp_text reference C9 (at 2.5 0 270) (layer F.SilkS)
      (effects (font (size 1 1) (thickness 0.15)))
    )
    (fp_text value 0.1uF (at 0 1.43 180) (layer F.Fab)
      (effects (font (size 1 1) (thickness 0.15)))
    )
    (fp_line (start -0.8 0.4) (end -0.8 -0.4) (layer F.Fab) (width 0.1))
    (fp_line (start -0.8 -0.4) (end 0.8 -0.4) (layer F.Fab) (width 0.1))
    (fp_line (start 0.8 -0.4) (end 0.8 0.4) (layer F.Fab) (width 0.1))
    (fp_line (start 0.8 0.4) (end -0.8 0.4) (layer F.Fab) (width 0.1))
    (fp_line (start -0.171267 -0.51) (end 0.171267 -0.51) (layer F.SilkS) (width 0.12))
    (fp_line (start -0.171267 0.51) (end 0.171267 0.51) (layer F.SilkS) (width 0.12))
    (fp_line (start -1.65 0.73) (end -1.65 -0.73) (layer F.CrtYd) (width 0.05))
    (fp_line (start -1.65 -0.73) (end 1.65 -0.73) (layer F.CrtYd) (width 0.05))
    (fp_line (start 1.65 -0.73) (end 1.65 0.73) (layer F.CrtYd) (width 0.05))
    (fp_line (start 1.65 0.73) (end -1.65 0.73) (layer F.CrtYd) (width 0.05))
    (fp_text user %R (at 0 0 180) (layer F.Fab)
      (effects (font (size 0.4 0.4) (thickness 0.06)))
    )
    (pad 1 smd roundrect (at -0.875 0 180) (size 1.05 0.95) (layers F.Cu F.Paste F.Mask) (roundrect_rratio 0.25)
      (net 5 VDD))
    (pad 2 smd roundrect (at 0.875 0 180) (size 1.05 0.95) (layers F.Cu F.Paste F.Mask) (roundrect_rratio 0.25)
      (net 1 GND_OUT))
    (model ${KISYS3DMOD}/Capacitor_SMD.3dshapes/C_0603_1608Metric.wrl
      (at (xyz 0 0 0))
      (scale (xyz 1 1 1))
      (rotate (xyz 0 0 0))
    )
  )

  (module Capacitor_SMD:C_0603_1608Metric_Pad1.05x0.95mm_HandSolder (layer F.Cu) (tedit 5B301BBE) (tstamp 5CDBBEF7)
    (at 61.5 29.5 90)
    (descr "Capacitor SMD 0603 (1608 Metric), square (rectangular) end terminal, IPC_7351 nominal with elongated pad for handsoldering. (Body size source: http://www.tortai-tech.com/upload/download/2011102023233369053.pdf), generated with kicad-footprint-generator")
    (tags "capacitor handsolder")
    (path /5CA59CF4)
    (attr smd)
    (fp_text reference C10 (at 3.5 0 90) (layer F.SilkS)
      (effects (font (size 1 1) (thickness 0.15)))
    )
    (fp_text value 10uF (at 0 1.43 90) (layer F.Fab)
      (effects (font (size 1 1) (thickness 0.15)))
    )
    (fp_text user %R (at 0 0 90) (layer F.Fab)
      (effects (font (size 0.4 0.4) (thickness 0.06)))
    )
    (fp_line (start 1.65 0.73) (end -1.65 0.73) (layer F.CrtYd) (width 0.05))
    (fp_line (start 1.65 -0.73) (end 1.65 0.73) (layer F.CrtYd) (width 0.05))
    (fp_line (start -1.65 -0.73) (end 1.65 -0.73) (layer F.CrtYd) (width 0.05))
    (fp_line (start -1.65 0.73) (end -1.65 -0.73) (layer F.CrtYd) (width 0.05))
    (fp_line (start -0.171267 0.51) (end 0.171267 0.51) (layer F.SilkS) (width 0.12))
    (fp_line (start -0.171267 -0.51) (end 0.171267 -0.51) (layer F.SilkS) (width 0.12))
    (fp_line (start 0.8 0.4) (end -0.8 0.4) (layer F.Fab) (width 0.1))
    (fp_line (start 0.8 -0.4) (end 0.8 0.4) (layer F.Fab) (width 0.1))
    (fp_line (start -0.8 -0.4) (end 0.8 -0.4) (layer F.Fab) (width 0.1))
    (fp_line (start -0.8 0.4) (end -0.8 -0.4) (layer F.Fab) (width 0.1))
    (pad 2 smd roundrect (at 0.875 0 90) (size 1.05 0.95) (layers F.Cu F.Paste F.Mask) (roundrect_rratio 0.25)
      (net 1 GND_OUT))
    (pad 1 smd roundrect (at -0.875 0 90) (size 1.05 0.95) (layers F.Cu F.Paste F.Mask) (roundrect_rratio 0.25)
      (net 3 +BATT))
    (model ${KISYS3DMOD}/Capacitor_SMD.3dshapes/C_0603_1608Metric.wrl
      (at (xyz 0 0 0))
      (scale (xyz 1 1 1))
      (rotate (xyz 0 0 0))
    )
  )

  (module Capacitor_SMD:C_0603_1608Metric_Pad1.05x0.95mm_HandSolder (layer F.Cu) (tedit 5B301BBE) (tstamp 5CDCEA07)
    (at 63.5 34.5 270)
    (descr "Capacitor SMD 0603 (1608 Metric), square (rectangular) end terminal, IPC_7351 nominal with elongated pad for handsoldering. (Body size source: http://www.tortai-tech.com/upload/download/2011102023233369053.pdf), generated with kicad-footprint-generator")
    (tags "capacitor handsolder")
    (path /5CA5A0A8)
    (attr smd)
    (fp_text reference C11 (at 3.5 0 270) (layer F.SilkS)
      (effects (font (size 1 1) (thickness 0.15)))
    )
    (fp_text value 0.1uF (at 0 1.43 270) (layer F.Fab)
      (effects (font (size 1 1) (thickness 0.15)))
    )
    (fp_line (start -0.8 0.4) (end -0.8 -0.4) (layer F.Fab) (width 0.1))
    (fp_line (start -0.8 -0.4) (end 0.8 -0.4) (layer F.Fab) (width 0.1))
    (fp_line (start 0.8 -0.4) (end 0.8 0.4) (layer F.Fab) (width 0.1))
    (fp_line (start 0.8 0.4) (end -0.8 0.4) (layer F.Fab) (width 0.1))
    (fp_line (start -0.171267 -0.51) (end 0.171267 -0.51) (layer F.SilkS) (width 0.12))
    (fp_line (start -0.171267 0.51) (end 0.171267 0.51) (layer F.SilkS) (width 0.12))
    (fp_line (start -1.65 0.73) (end -1.65 -0.73) (layer F.CrtYd) (width 0.05))
    (fp_line (start -1.65 -0.73) (end 1.65 -0.73) (layer F.CrtYd) (width 0.05))
    (fp_line (start 1.65 -0.73) (end 1.65 0.73) (layer F.CrtYd) (width 0.05))
    (fp_line (start 1.65 0.73) (end -1.65 0.73) (layer F.CrtYd) (width 0.05))
    (fp_text user %R (at 0 0 270) (layer F.Fab)
      (effects (font (size 0.4 0.4) (thickness 0.06)))
    )
    (pad 1 smd roundrect (at -0.875 0 270) (size 1.05 0.95) (layers F.Cu F.Paste F.Mask) (roundrect_rratio 0.25)
      (net 3 +BATT))
    (pad 2 smd roundrect (at 0.875 0 270) (size 1.05 0.95) (layers F.Cu F.Paste F.Mask) (roundrect_rratio 0.25)
      (net 1 GND_OUT))
    (model ${KISYS3DMOD}/Capacitor_SMD.3dshapes/C_0603_1608Metric.wrl
      (at (xyz 0 0 0))
      (scale (xyz 1 1 1))
      (rotate (xyz 0 0 0))
    )
  )

  (module Capacitor_SMD:C_0603_1608Metric_Pad1.05x0.95mm_HandSolder (layer F.Cu) (tedit 5B301BBE) (tstamp 5CDC73C9)
    (at 63.5 29.5 90)
    (descr "Capacitor SMD 0603 (1608 Metric), square (rectangular) end terminal, IPC_7351 nominal with elongated pad for handsoldering. (Body size source: http://www.tortai-tech.com/upload/download/2011102023233369053.pdf), generated with kicad-footprint-generator")
    (tags "capacitor handsolder")
    (path /5CA5A8F5)
    (attr smd)
    (fp_text reference C12 (at 3.5 0 90) (layer F.SilkS)
      (effects (font (size 1 1) (thickness 0.15)))
    )
    (fp_text value 0.1uF (at 0 1.43 90) (layer F.Fab)
      (effects (font (size 1 1) (thickness 0.15)))
    )
    (fp_text user %R (at 0 0 90) (layer F.Fab)
      (effects (font (size 0.4 0.4) (thickness 0.06)))
    )
    (fp_line (start 1.65 0.73) (end -1.65 0.73) (layer F.CrtYd) (width 0.05))
    (fp_line (start 1.65 -0.73) (end 1.65 0.73) (layer F.CrtYd) (width 0.05))
    (fp_line (start -1.65 -0.73) (end 1.65 -0.73) (layer F.CrtYd) (width 0.05))
    (fp_line (start -1.65 0.73) (end -1.65 -0.73) (layer F.CrtYd) (width 0.05))
    (fp_line (start -0.171267 0.51) (end 0.171267 0.51) (layer F.SilkS) (width 0.12))
    (fp_line (start -0.171267 -0.51) (end 0.171267 -0.51) (layer F.SilkS) (width 0.12))
    (fp_line (start 0.8 0.4) (end -0.8 0.4) (layer F.Fab) (width 0.1))
    (fp_line (start 0.8 -0.4) (end 0.8 0.4) (layer F.Fab) (width 0.1))
    (fp_line (start -0.8 -0.4) (end 0.8 -0.4) (layer F.Fab) (width 0.1))
    (fp_line (start -0.8 0.4) (end -0.8 -0.4) (layer F.Fab) (width 0.1))
    (pad 2 smd roundrect (at 0.875 0 90) (size 1.05 0.95) (layers F.Cu F.Paste F.Mask) (roundrect_rratio 0.25)
      (net 1 GND_OUT))
    (pad 1 smd roundrect (at -0.875 0 90) (size 1.05 0.95) (layers F.Cu F.Paste F.Mask) (roundrect_rratio 0.25)
      (net 3 +BATT))
    (model ${KISYS3DMOD}/Capacitor_SMD.3dshapes/C_0603_1608Metric.wrl
      (at (xyz 0 0 0))
      (scale (xyz 1 1 1))
      (rotate (xyz 0 0 0))
    )
  )

  (module Capacitor_SMD:C_0603_1608Metric_Pad1.05x0.95mm_HandSolder (layer F.Cu) (tedit 5B301BBE) (tstamp 5CDBBF2A)
    (at 76.75 112.75 90)
    (descr "Capacitor SMD 0603 (1608 Metric), square (rectangular) end terminal, IPC_7351 nominal with elongated pad for handsoldering. (Body size source: http://www.tortai-tech.com/upload/download/2011102023233369053.pdf), generated with kicad-footprint-generator")
    (tags "capacitor handsolder")
    (path /5C8FFFB8/5C90E66E)
    (attr smd)
    (fp_text reference C13 (at 3.75 0 90) (layer F.SilkS)
      (effects (font (size 1 1) (thickness 0.15)))
    )
